[0;1;37;47m8[0;5;37;47mSSSSXSXXXSSSSSSSS%X[0;1;37;47m8[0;1;36;47m@[0;5;37;46m8@@@@@@@[0;1;36;47m8S[0;1;37;47m88[0;5;37;47mX@XXXX@XXSXX@X[0;1;37;47m8[0;1;30;47m ::tt[0;1;37;47m 8[0;5;37;47mt%%t[0m
[0;5;37;47mS%S%%%%%%t%%tt%ttt%%[0;5;37;46m@[0;1;36;47mS[0;5;37;46m@@[0;5;1;34;46m8[0;5;37;46m88[0;5;1;34;46m8[0;5;37;46m8@XXX88[0;1;37;47mX[0;5;37;46m8[0;5;37;47m8[0;1;36;47mX[0;1;37;47mX8[0;5;37;47mt%%%%[0;1;36;47mX[0;1;30;47m.;[0;1;37;47m%[0;5;37;47m@[0;1;37;47m8[0;1;33;47mS[0;5;37;47m [0;1;33;47mX[0;1;37;47m@[0;1;30;47m8[0;1;36;47mS[0;1;30;47m [0;1;37;47mX[0m
[0;5;37;47mS%[0;5;37;46m%[0;5;37;47m%[0;5;1;36;47m8[0;5;37;47mS[0;5;1;37;46m8[0;5;37;47mS[0;5;1;36;47m8[0;5;37;47mS[0;5;1;37;46m8[0;5;37;47mS[0;5;1;36;47m8[0;5;37;47mS[0;5;1;36;47m8[0;5;37;47mS[0;5;1;36;47m8[0;5;37;47mS[0;5;1;37;46m8[0;5;37;47m8[0;5;37;46m88[0;5;1;34;46m@[0;5;37;46m888[0;5;1;34;46m8[0;5;37;46m88[0;5;1;34;46m8[0;5;37;46m8[0;5;1;36;44m8[0;1;36;47m8[0;36;47m8[0;5;1;34;46m8[0;37;46m8[0;1;37;47m %tS [0;1;36;47mS[0;5;37;47m;[0;5;1;37;46m8[0;1;37;47m@[0;1;30;47m8[0;5;37;40mX[0;1;37;47m8[0;5;37;43m%[0;5;37;47mt[0;5;37;43mX[0;33;47m8[0;5;37;43mX;[0;5;37;47m:[0;5;37;43mS[0;1;37;47m8[0;5;36;40m.[0;5;1;37;46m8[0;5;37;47m@[0m
[0;5;37;47mS%%SS[0;5;1;36;47m8[0;5;37;47m@SS[0;5;1;36;47m8[0;5;37;47m8S[0;5;1;36;47m8[0;5;37;47m8X[0;5;1;36;47m8[0;5;37;47m8[0;5;1;36;47m8[0;5;37;46m88888[0;5;1;34;46m@[0;5;37;46m8[0;5;1;36;44m8[0;1;36;47mS[0;5;37;46m8[0;1;34;47m8[0;1;30;47m%[0;1;37;47m8: [0;1;30;47m8[0;31;45m@[0;5;35;40mt[0;5;37;47m%[0;1;30;43m8[0;35;41mX[0;1;30;43m8[0;5;37;47m [0;1;30;47m8[0;1;36;47mS[0;1;30;47m.[0;31;45m8[0;35;41m%[0;1;33;47m8[0;5;37;43m:[0;1;37;47m8[0;5;37;43m.[0;5;33;40m8[0;35;41m%[0;5;33;40m:[0;5;37;43mtt[0;1;37;47m8[0;5;37;43m;[0;1;30;46m8[0;5;37;46mX@[0m
[0;5;37;47m%%[0;5;1;36;47m8[0;5;37;47m8[0;5;1;36;47m8[0;5;37;47m8%[0;5;1;36;47m8[0;5;37;47mX@[0;5;1;37;46m8[0;5;37;46m888@8@[0;5;1;34;46m@[0;5;37;46m8[0;5;1;36;44m8[0;5;37;46m8[0;5;37;44m8[0;1;37;47m X[0;5;37;47mX8[0;1;37;47m8[0;1;30;47m8[0;31;45m@[0;1;30;47mt[0;1;37;47m8[0;1;31;41mX@[0;5;36;40m [0;5;31;41m8[0;1;30;43m8[0;5;37;43mS[0;1;33;47m8[0;1;30;43m8[0;5;37;43m8[0;5;33;43m8[0;5;37;46m@[0;5;36;40m [0;35;41m8[0;1;31;41m8[0;5;31;40m8[0;37;43mXX[0;1;33;43m;[0;1;30;43m8[0;35;41m;;[0;1;30;43m8[0;5;37;43m;St[0;33;47m8[0;5;37;46m@X@[0m
[0;5;37;47mS%S[0;5;1;36;47m8[0;5;37;47m8%[0;5;1;36;47m@[0;5;37;47m@[0;5;1;36;47m88[0;5;37;46m88[0;5;1;34;46m@[0;5;37;46m8[0;5;1;36;44m8[0;1;37;47m [0;5;1;36;44m8[0;35;47m8[0;1;37;47mt[0;5;37;47m8[0;1;30;45mt[0;35;41mX[0;5;37;47m8[0;1;30;47m [0;1;31;41mt[0;5;35;40mt[0;1;37;47m8[0;37;43m8[0;5;31;41m8[0;1;33;47m8[0;5;37;43mX[0;37;43m@[0;5;37;43m8[0;5;33;40mt[0;5;31;41m8[0;1;30;43m8[0;5;37;43m8[0;5;33;43mt[0;1;30;45m8[0;5;37;43mS8[0;1;30;47m@[0;5;35;40m8[0;1;31;41m@[0;35;41mt[0;1;31;41m@[0;5;31;41m88[0;5;35;40m [0;1;31;41m8[0;35;41m%[0;1;30;43m8[0;5;1;37;43m8[0;5;37;43m@X[0;1;33;47mX[0;5;36;40m.[0;5;37;46m@[0;5;1;34;46m@[0;5;37;46m8[0m
[0;1;37;47m8[0;5;1;37;46m8[0;5;37;47m88[0;5;1;36;47m8[0;5;37;47m8[0;5;1;36;47m@[0;5;37;47m8[0;1;36;47mS[0;1;37;47m  [0;1;36;47mX[0;1;34;47m8[0;1;30;45mX[0;1;37;47m;[0;5;37;47m%[0;5;33;40m8[0;1;31;41m%[0;1;37;47m%[0;5;37;43mX[0;35;41m%[0;1;30;41m;[0;1;33;47m@[0;5;37;43m8[0;33;41m8[0;5;37;43m@X[0;1;30;43m8[0;1;31;41mX[0;5;37;43m88[0;33;41mX[0;35;41m8[0;5;35;40m [0;5;31;41m@[0;1;30;43m8[0;5;37;43m8[0;1;31;41m88[0;1;30;43m8[0;5;37;43mX[0;1;30;47m.[0;5;36;40m%[0;5;35;40m%[0;5;37;40m@[0;1;30;47m8[0;37;46mX[0;5;37;46m8[0;1;30;45m8[0;35;41mX[0;33;47m8[0;5;37;43m;X[0;1;37;47m8[0;5;37;43m@[0;1;30;47mX[0;5;37;46mS888[0m
[0;5;37;46m8888[0;5;1;36;47m8[0;5;37;46m8[0;1;34;47m@[0;1;37;47m:8[0;5;35;40m [0;1;37;47m:8[0;1;30;41m8[0;1;31;41m8[0;33;47m8[0;5;37;43m;[0;35;41m8[0;1;31;41mt[0;5;37;43m@X[0;35;41mt[0;1;30;41mt[0;5;37;43m;8[0;37;43m@[0;5;33;41m8[0;5;37;40m@[0;1;31;41m@[0;35;41mS[0;5;33;43m%[0;1;30;43m88[0;1;30;47m8[0;1;30;43m8[0;35;41m8[0;1;33;43m.[0;5;37;43m8[0;33;41m@[0;1;31;41m8[0;1;30;43m8[0;37;43m8[0;5;36;40m [0;5;37;46m8@XSX[0;1;30;45m8[0;5;31;40m8[0;1;33;47m8[0;5;37;43mX8@S[0;5;36;40m [0;5;37;46mX@[0;5;1;34;46m@[0;5;37;46m88[0m
[0;5;37;46m@@[0;5;1;34;46m@[0;5;37;46m8[0;5;1;34;46m8[0;35;47m8[0;5;35;40mS[0;5;37;43m%[0;1;33;47m@[0;1;31;41mS[0;1;30;41mX[0;33;41m8[0;35;41m@[0;1;31;41mX[0;5;33;43m@[0;5;37;43m%[0;1;30;41m8[0;35;41mt[0;5;37;43mSS[0;35;41m;[0;1;30;41m%[0;5;37;43mX[0;1;30;43m@[0;1;31;45m8[0;1;30;47m:[0;1;36;47m@[0;35;41m8%[0;5;37;43mS[0;5;33;43m [0;1;31;43m8[0;1;33;43mt[0;1;30;43m8[0;5;31;41m@[0;35;41m8[0;1;31;45m8[0;5;35;40m:[0;35;41mS[0;1;31;41m8[0;5;35;40m;[0;5;37;46m8@[0;5;1;34;46m@[0;5;37;46m8[0;5;1;34;46m8[0;37;45m8[0;5;35;40mX[0;5;37;43mX@88[0;5;33;43m%[0;37;46m8[0;5;37;46m@X88[0;5;1;34;46m8[0;5;37;46m8[0m
[0;5;37;46m@888[0;5;1;34;46m8[0;35;41m8S[0;37;43mS[0;5;33;43m%[0;5;37;43m@[0;5;33;43m:[0;33;47m8[0;1;31;41mS[0;35;41m@[0;5;33;43m8[0;5;37;43m@[0;1;31;41m%[0;1;30;41m%[0;5;33;43m.S[0;35;41mX[0;1;30;41m%[0;5;37;43mX[0;1;33;43mS[0;5;37;47m%X[0;1;37;47mS[0;35;41m@%[0;1;31;41m@[0;31;45m8[0;1;31;41m8[0;35;47m8[0;5;35;40mS[0;35;47m8[0;33;47m8[0;1;37;47m;[0;1;33;47mS[0;1;37;47mX8[0;1;33;47mS[0;1;37;47m.[0;5;37;46m888[0;1;30;45m@[0;5;33;40mt[0;5;37;43m%XXX[0;5;33;40m [0;1;36;47m8[0;5;37;46mX[0;5;1;34;46m8[0;5;37;46m8[0;5;1;34;46m8[0;5;1;37;46m8[0;5;37;46m88[0m
[0;5;37;46m@@[0;5;1;34;46m8[0;5;37;46m8[0;1;36;47mX[0;31;45m8[0;1;31;41mt[0;33;41mS[0;35;41mXt[0;1;30;43m@[0;5;33;43m [0;33;41m8[0;35;41m@[0;1;30;43m8[0;5;37;43mXX[0;37;43m@[0;33;47m8[0;5;33;40m [0;1;31;41m8[0;35;41mX[0;1;31;41m8[0;1;30;47m8[0;1;36;47mS[0;1;37;47mt;[0;1;30;47m@88[0;5;31;41m8[0;5;37;40m8[0;5;37;47mS[0;37;43mX[0;1;37;47m.[0;33;47m8[0;5;37;43m@[0;1;30;43m8[0;5;31;41mS[0;1;30;43m8[0;5;1;37;43m8[0;1;30;47m.[0;5;37;47m8[0;1;37;47m [0;1;30;45mS[0;37;43m8[0;5;37;43mXXS[0;1;33;43m.[0;5;35;40m%[0;5;37;40m88[0;1;30;47m8@[0;5;35;40m [0;36;47m8[0;5;1;34;46m@[0;5;37;46m8[0;5;1;34;46m@[0m
[0;5;37;46m@88[0;5;1;34;46m@[0;5;37;46m8[0;1;30;45m8[0;1;30;43m8[0;5;37;43mS[0;1;33;43m:[0;1;31;43m8[0;5;37;43m@[0;37;43m@[0;1;31;41mS8[0;5;31;41m8[0;35;41mS[0;1;31;41m8[0;33;41m8[0;1;30;47m8.[0;5;35;40m8[0;1;30;47m8@[0;31;45m8[0;5;37;47mt[0;1;37;47m8[0;5;33;40mt[0;33;47m8[0;5;37;47m@[0;37;43mX[0;5;31;41mX[0;5;33;40mt[0;5;37;43m;[0;33;47m8[0;5;31;41m.[0;33;47m8[0;5;37;43m@[0;5;31;41m8[0;1;31;41m8[0;1;30;43m8[0;5;37;43m8[0;33;47mS[0;1;37;47mt[0;1;30;45m:[0;1;33;43m8[0;5;37;43m@[0;5;33;43m [0;5;37;43m@X@SXX[0;5;33;43m;[0;5;37;43m8[0;1;30;43m8[0;1;36;47m8[0;5;37;46m888[0m
[0;5;37;46m@@88[0;5;37;44m8[0;1;31;41m8[0;35;41m%[0;1;31;43m8[0;1;30;43m8[0;5;33;41mX[0;35;41m@[0;5;37;40m8X[0;5;35;40m@[0;5;31;40mS[0;5;37;41m8[0;1;30;41m8[0;1;30;47mS[0;1;37;47m@[0;5;37;47mt[0;37;43m@[0;5;37;47m%[0;5;31;41m@[0;1;30;41m8[0;5;37;43m.[0;1;33;47mS[0;1;31;41mt[0;1;30;43m8[0;5;37;43mS[0;37;43m8[0;5;31;41mX[0;1;30;43m8[0;5;37;43mS[0;1;30;43m8[0;5;31;41mX[0;37;43m@[0;5;37;43m%[0;1;30;45m8[0;5;31;41m@[0;1;30;43m8[0;5;37;43mS[0;31;43m8[0;1;31;41m8[0;5;31;40m8[0;5;37;43mXX@[0;5;1;33;41m8[0;5;37;43m@[0;5;1;33;41m8[0;5;37;43m@[0;5;33;41mt[0;1;30;43m8[0;5;33;41m8[0;5;31;40mS[0;1;30;41m8[0;5;37;46m8[0;5;1;34;46m8[0;5;37;46m88[0m
[0;5;37;46m@[0;5;1;34;46m@[0;5;37;46m88[0;1;36;47m8[0;31;45m8[0;1;30;41m8[0;35;41m8[0;31;45m8[0;1;30;41m@[0;1;37;47mX8[0;5;37;43m.[0;1;37;47mt[0;5;37;47m;[0;1;30;47m8[0;1;31;41mS[0;5;37;43m@[0;1;30;43mX[0;5;37;43m@8[0;1;37;47m%[0;1;31;41m@[0;5;35;40m8[0;5;37;43m%X@XS[0;5;35;41m8[0;1;31;41m8[0;37;43m8[0;5;37;43mS[0;31;43m8[0;5;31;41m8[0;37;43mX[0;5;37;43m%[0;1;31;41mS[0;1;30;41m8[0;5;33;43m:[0;5;37;43m8[0;1;31;41mX[0;35;41mS[0;1;30;41m8[0;1;30;43mt[0;5;31;41m8[0;31;43m8[0;35;41m8[0;5;31;41m8[0;35;41m8[0;1;31;41mS[0;31;45m8[0;5;31;41mS[0;1;30;45m8[0;1;37;47m [0;5;37;47m%[0;1;37;47mt[0;5;37;46m8[0;5;1;34;46m@[0;5;37;46m8[0m
[0;5;37;46m@8[0;5;1;34;46m@[0;1;34;47m8[0;5;35;40mt[0;1;37;47m8[0;5;1;37;43m8[0;1;33;47mX[0;1;30;41m8[0;31;43m8[0;5;37;43m%[0;1;33;47m@[0;5;37;43mS[0;1;30;47m:[0;5;37;47mS[0;1;31;41mX[0;5;33;40m@[0;5;37;43mX[0;1;31;41mt[0;1;30;43m@[0;5;33;43m [0;5;37;40mX[0;5;31;41m@[0;33;41m8[0;5;37;43mX[0;1;33;43m;[0;1;31;41m8[0;1;30;43m8[0;5;37;43mS[0;1;30;43m8[0;5;31;41mX[0;1;30;43m8[0;5;37;43mX[0;1;31;41m@[0;35;41m8[0;31;43mX[0;5;33;43m;[0;37;43m@[0;1;31;43m8[0;5;33;41m8[0;35;41m8%[0;1;31;41mX@[0;5;31;41m8[0;35;41m8[0;5;31;41m%[0;1;30;45m8[0;5;33;41mS[0;1;30;47m@[0;35;47m8[0;1;37;47m .[0;5;37;47mX.8X[0;5;37;46m888[0m
[0;5;37;46m@8[0;35;47m8[0;31;45mX[0;1;30;43m8[0;5;37;43m8[0;1;33;47m8[0;5;37;43mX[0;35;41mS[0;37;43mX[0;5;37;43mS[0;1;30;43m@[0;5;37;43mS[0;33;47m8[0;1;30;47m%[0;1;31;41m%[0;1;33;43m@[0;5;33;43m:[0;1;30;43m8[0;5;33;43m.[0;5;37;43mX[0;1;33;43mt[0;5;31;41m8[0;5;35;40mS[0;5;37;43mS[0;1;30;43m8[0;5;31;41m%[0;35;41m8[0;5;37;43mS[0;1;30;43m8[0;5;31;41mX[0;1;30;43m8[0;5;33;41m%[0;5;37;40mS[0;5;31;41m@@[0;5;35;41m8[0;5;31;41mS[0;1;31;45m8[0;1;37;47m8[0;1;30;47mX8[0;1;37;47m S8[0;5;37;47mt%.;t;ttS8%S[0;5;1;37;46mX[0;5;1;34;46m@[0;5;37;46m8[0m
[0;5;37;46m@X[0;35;47m8[0;35;41m@[0;1;30;43mS[0;5;33;43m [0;33;41m@[0;5;33;43m.[0;31;43mX[0;5;33;43m:[0;1;31;43m8[0;1;30;43mS[0;5;33;43m [0;1;30;47m8[0;1;31;41m8[0;5;31;40m8[0;5;37;43mS[0;1;31;43m8[0;1;31;41m@[0;35;41mX[0;1;30;43m8[0;5;33;43m;[0;35;41m8[0;1;31;41m@[0;5;31;41m@[0;1;30;41m8[0;35;41m8[0;1;31;41m@8[0;31;45m@[0;5;31;41m8[0;1;30;45m8[0;5;37;47m8;[0;1;37;47m8St8[0;5;37;47m%S. .tS@%t%SXXXStt[0;5;1;36;47m88[0;5;37;46m8[0;5;1;34;46m@[0m
[0;5;37;46m@S[0;5;35;40m;[0;5;31;41m8[0;1;30;43m8[0;5;33;43m [0;31;40m8[0;5;33;43mt[0;1;30;43m8[0;5;37;43mS[0;31;43m8[0;1;30;43m8[0;5;1;31;43m8[0;31;43m@[0;1;31;41m%[0;1;30;43m@[0;1;33;43m.[0;1;31;41m@[0;35;41m@:t[0;1;31;41mX88[0;1;30;45m8[0;5;31;41mt[0;1;30;41m8[0;5;37;40m8[0;5;35;40m.[0;1;30;45m8[0;5;33;41m8[0;31;45m8[0;5;35;41m8[0;1;30;47m8[0;5;37;47m@[0;1;37;47mS@.[0;5;37;47m8[0;1;37;47mX[0;5;37;47m88X@X%t%t%%%S%[0;5;1;36;47m8[0;5;37;47m@8[0;5;1;37;46m8[0;5;1;34;46m8[0;5;1;37;46m8[0m
[0;5;37;46m@@[0;37;45m8[0;35;41m8[0;31;43m8[0;5;37;43m@[0;35;41mt[0;33;41m8[0;5;1;31;43m@8[0;35;41mS[0;33;41m@[0;1;31;43m8[0;1;30;41mX[0;35;41m%[0;1;31;41m@[0;1;37;47m [0;5;37;47m:[0;5;35;40m:[0;35;41m:[0;1;31;41m888[0;1;30;45m8[0;1;30;43m8[0;5;35;40mt[0;35;41m;[0;1;31;41m%[0;5;31;41m8[0;1;31;41m@[0;1;30;41mS[0;33;41m%[0;5;31;41m8[0;1;31;41m@[0;5;35;40m8[0;5;37;47m%8S%t[0;1;37;47m;[0;5;37;47m8[0;1;37;47mS[0;5;37;47m%tt%t%[0;5;1;36;47m8[0;5;37;47mX[0;5;1;36;47m8[0;5;37;47mX%S[0;5;1;36;47mX[0;5;37;47m88[0;5;1;36;47m@[0;5;37;46m8[0m
[0;5;37;46m@S[0;5;35;40m:[0;31;45m8[0;33;41m8[0;5;33;41m8[0;35;41m%[0;1;30;41mS[0;35;41mX[0;1;30;41mS[0;33;41m@[0;1;30;43m8[0;1;30;47m8[0;1;30;43m8[0;37;43m8[0;1;37;47m [0;5;37;47mt%[0;1;30;41m%[0;1;31;41m@88[0;35;41mX[0;1;30;41mS[0;31;40m8[0;1;30;41mtt[0;33;41mS[0;1;30;41m8%t%t[0;1;31;41m@[0;5;35;40mX[0;1;37;47m.XtS[0;5;37;47m8t%8[0;1;37;47m.[0;5;37;47m%%[0;5;1;36;47m@[0;5;37;47mSSS%X[0;5;1;36;47m8[0;5;37;47mX%X%@88[0m
[0;5;37;46m@@[0;37;45m8[0;35;41m@[0;1;30;43m88[0;35;41mX[0;37;43mS[0;5;33;43m%[0;1;30;45m@[0;5;33;43mt[0;5;31;41m8[0;1;31;43m888[0;5;37;43m8[0;1;30;47mt[0;5;35;40mt[0;1;31;41m8@@8[0;1;30;41mS[0;31;40mS[0;5;33;40m [0;5;37;40mS[0;5;33;40mX[0;5;37;41m8[0;1;30;43m8[0;5;35;40m [0;1;30;47m%[0;1;30;41m8[0;1;31;41m@[0;30;41m;[0;1;30;47m8[0;1;37;47m8[0;5;37;47m;S[0;1;37;47m@ X[0;5;37;47mStS[0;1;36;47m@[0;5;37;47m8S[0;5;1;36;47m@[0;5;37;47mX[0;5;1;36;47m@[0;5;37;47mXSS[0;5;1;36;47m@[0;5;37;47mX[0;5;1;36;47mS[0;5;37;47mS[0;5;1;36;47mS[0;5;37;47mXt[0m
[0;1;30;47m8[0;1;30;45m@[0;35;41m8[0;33;41m8[0;5;